80
46
32
35
9

1 2 1 3 1 4 5 1 6 1 7 8 9 9 2 0 0 5 2 0 5 0 9 4 3 0 0 5 9 0 0 6 2 1 8 7 6 7 3 5 0 7 4 4 2 1 5 5 3 0 7 4 9 3 8 4 0 6 0 6 4 0 2 6 8 7 0 0 8 7 2 8 0 8 3 9 0 3 6 9 

31

150 131
108 18
136 125
149 29
148 134
64 80
32 78
136 125
80 152
144 131
75 120
87 68
38 43
50 31
99 18
124 82
122 115
2 90
92 10
112 154
42 68
102 156
20 33
62 84
135 23
20 147
146 109
29 112
37 44
37 157
7 38
97 140
95 0
160 136
83 48
106 140
93 153
42 121
154 19
37 88
33 151
72 121
52 87
52 87
115 10
152 116
48 49
22 91
143 3
1 113
90 99
80 93
41 24
129 50
55 52
65 103
21 133
70 155
0 138
85 139
46 69
42 149
109 29
68 159
79 53
44 119
1 140
7 50
104 50
44 136
97 21
89 64
13 13
122 81
121 0
12 45
7 46
135 54
96 159
35 42
